 2.27756627e-08 0.450000024 0
 0.00740012461 0.447967701 0
 -0.00733026696 0.439967989 0
 -0.0148868793 0.45287007 0
 -0.0225645057 0.461704603 0
 -0.0303974375 0.470469403 0
 -0.0380797023 0.472169124 0
 -0.0449565641 0.457822799 0
 -0.0529290587 0.465382856 0
 -0.0611066456 0.473866097 0
 -0.0681809312 0.466321183 0
 -0.0746924468 0.453738852 0
 -0.0809896397 0.441109818 0
 -0.0888491721 0.445343637 0
 -0.0962227101 0.444536104 0
 -0.10456387 0.451604582 0
 -0.110425136 0.438762372 0
 -0.118436286 0.442718141 0
 -0.123716455 0.427806294 0
 -0.130466318 0.423732071 0
 -0.137484632 0.421575914 0
 -0.144475262 0.419360072 0
 -0.148521929 0.401352752 0
 -0.156463351 0.404934288 0
 -0.160889895 0.390799223 0
 -0.170071743 0.400124761 0
 -0.177696894 0.401539008 0
 -0.182660227 0.391188475 0
 -0.189090721 0.387619644 0
 -0.193779414 0.377206882 0
 -0.19930246 0.370645532 0
 -0.20886694 0.37950213 0
 -0.212988959 0.368013469 0
 -0.218029127 0.360358017 0
 -0.223804064 0.355549946 0
 -0.233897343 0.365043824 0
 -0.237557564 0.353436419 0
 -0.243814377 0.350383575 0
 -0.250036041 0.347279037 0
 -0.254268711 0.338450033 0
 -0.259367909 0.332432456 0
 -0.263013464 0.322623628 0
 -0.275613185 0.337161022 0
 -0.279526966 0.328192715 0
 -0.282938929 0.318282386 0
 -0.288447046 0.31393156 0
 -0.293518176 0.308615629 0
 -0.302035139 0.311550264 0
 -0.31182175 0.317140994 0
 -0.316441083 0.310738374 0
 -0.320972541 0.304310025 0
 -0.328796982 0.305107467 0
 -0.329771465 0.291380315 0
 -0.340175996 0.297464212 0
 -0.34580327 0.293574121 0
 -0.354566564 0.295876124 0
 -0.353699401 0.279450286 0
 -0.35679836 0.271040175 0
 -0.365503574 0.273173897 0
 -0.370879329 0.269084077 0
 -0.374734295 0.262340678 0
 -0.38399998 0.26510753 0
 -0.388266817 0.259146309 0
 -0.392459002 0.253161518 0
 -0.397098881 0.248006531 0
 -0.4022087 0.243668522 0
 -0.404586593 0.235073791 0
 -0.413925638 0.237389639 0
 -0.415608538 0.227916057 0
 -0.42946013 0.236700877 0
 -0.458789029 0.267542232 0
 0.0149043772 0.453869904 0
 0.022145721 0.445710112 0
 0.0289666034 0.429494369 0
 0.0366403061 0.439200479 0
 0.0437005439 0.433855639 0
 0.0506092604 0.427453743 0
 0.0578281376 0.426980592 0
 0.0651995273 0.428438273 0
 0.070944796 0.410902493 0
 0.0783059976 0.413238664 0
 0.0848771299 0.407551754 0
 0.0924870426 0.411748176 0
 0.0993235346 0.408925109 0
 0.10363782 0.387207247 0
 0.110503465 0.386272873 0
 0.118099742 0.390223696 0
 0.124208989 0.384224569 0
 0.131377914 0.385083339 0
 0.139960449 0.39375504 0
 0.144330554 0.378737879 0
 0.151502366 0.379412009 0
 0.156105109 0.367281033 0
 0.163002779 0.366867695 0
 0.169255797 0.363463479 0
 0.176811549 0.36585488 0
 0.18162051 0.356503791 0
 0.187247562 0.351008877 0
 0.195046036 0.354186992 0
 0.202655327 0.35631991 0
 0.205239091 0.34006819 0
 0.211138223 0.336326428 0
 0.21499964 0.325826562 0
 0.226003344 0.339223573 0
 0.232746301 0.338176904 0
 0.237943095 0.332313494 0
 0.239565029 0.31598435 0
 0.249385213 0.324267198 0
 0.249687554 0.305095854 0
 0.260619372 0.316045794 0
 0.264056383 0.306250833 0
 0.273076401 0.311388302 0
 0.275975446 0.300604443 0
 0.285075623 0.305586887 0
 0.288543325 0.296605169 0
 0.297346394 0.300504167 0
 0.299460559 0.288712098 0
 0.309119859 0.294294533 0
 0.307702392 0.275191242 0
 0.322457752 0.291512846 0
 0.321161288 0.273328609 0
 0.331846984 0.280387113 0
 0.331971193 0.265831175 0
 0.344124819 0.275382953 0
 0.347234958 0.267032117 0
 0.353512109 0.264859549 0
